Начальный массив: 12 12 3 6 7 89 5 4 3 4 5 6 
Протокол сортировки по убыванию:
Итерация 1: 89 | 12 3 6 7 12 5 4 3 4 5 6 
Итерация 2: 89 12 | 3 6 7 12 5 4 3 4 5 6 
Итерация 3: 89 12 12 | 6 7 3 5 4 3 4 5 6 
Итерация 4: 89 12 12 7 | 6 3 5 4 3 4 5 6 
Итерация 5: 89 12 12 7 6 | 3 5 4 3 4 5 6 
Итерация 6: 89 12 12 7 6 6 | 5 4 3 4 5 3 
Итерация 7: 89 12 12 7 6 6 5 | 4 3 4 5 3 
Итерация 8: 89 12 12 7 6 6 5 5 | 3 4 4 3 
Итерация 9: 89 12 12 7 6 6 5 5 4 | 3 4 3 
Итерация 10: 89 12 12 7 6 6 5 5 4 4 | 3 3 
Итерация 11: 89 12 12 7 6 6 5 5 4 4 3 | 3 

Отсортированный массив: 89 12 12 7 6 6 5 5 4 4 3 3 
